SLF4J: Failed to load class "org.slf4j.impl.StaticLoggerBinder".
SLF4J: Defaulting to no-operation (NOP) logger implementation
SLF4J: See http://www.slf4j.org/codes.html#StaticLoggerBinder for further details.
24
20
0.0022
0.000966564
28
20
0.00191007
0.000966564
29
20
0.00212222
0.000966564
39
20
0.0019209
0.000966564
41
20
0.00178336
0.0009665635
42
20
0.00183824
0.000966564
54
20
0.00213695
0.000966564
61
20
0.00167685
0.000966564
62
20
0.00170346
0.000966564
67
20
0.0016998
0.000966564
78
20
0.00211304
0.000966564
79
20
0.00205168
0.000966564
81
20
0.00268582
0.000966564
82
20
0.00244
0.000966564
100
20
0.00297457
0.000966564
101
20
0.00297369
0.000966564
103
20
0.00292327
0.000966564
105
20
0.00297698
0.000966564
129
20
0.00311788
0.000966564
131
20
0.00318843
0.000966564
134
20
0.00340758
0.000966564
139
20
0.00387247
0.000966564
140
20
0.00381357
0.0009665635
142
20
0.00380717
0.0009665635
144
20
0.00419024
0.0009665635
145
20
0.0043488
0.0009665635
146
20
0.00658352
0.0009665635
147
20
0.00808998
0.000966562
148
20
0.00772051
0.00096656
152
20
0.01642001
0.0009665595
153
20
0.01466299
0.000966552
158
20
0.01810707
0.0009665445
159
20
0.02204999
0.000966544
160
20
0.02284587
0.0009665385
161
20
0.02030201
0.0009665375
185
20
0.01379999
0.0009664775
186
20
0.01201
0.0009664745
187
20
0.0135622
0.000966467
191
20
0.0117
0.0009664465
199
20
0.01084
0.00096644
200
20
0.01028398
0.000966446
201
20
0.00991001
0.000966444
202
20
0.0098299
0.0009664455
203
20
0.010291
0.000966449
210
20
0.009276
0.0009664585
211
20
0.009082
0.000966457
212
20
0.00903345
0.0009664605
213
20
0.008304
0.000966469
214
20
0.0071989
0.00096646
215
20
0.00788112
0.000966446
218
20
0.0060508
0.0009664245
219
20
0.0071209
0.0009664245
229
20
0.010111
0.0009663535
231
20
0.01034066
0.0009663375
247
20
0.01127499
0.0009661735
273
20
0.0135582
0.000966968
274
20
0.01441301
0.0009661115
275
20
0.01350432
0.0009658795
280
20
0.01547
0.0009648955
282
20
0.016005
0.0009648525
293
20
0.01289
0.0009647065
294
20
0.01368165
0.0009649825
312
20
0.0121
0.000970179
313
20
0.01247999
0.0009701195
316
20
0.012056
0.00097187
329
20
0.01104544
0.0009752905
330
20
0.01143899
0.000977444
332
20
0.010129
0.000977297
333
20
0.010368
0.000973084
338
20
0.010479
0.0009827785
348
20
0.01375534
0.0009611035
349
20
0.01468907
0.0009430585
350
20
0.01430061
0.0009301855
352
20
0.01905075
0.0009170495
353
20
0.020456
0.0008245905
354
20
0.02063602
0.000795931
355
20
0.022611
0.0008018305
356
20
0.02152179
0.00075232
365
20
null
0.0003952787
